Precision: 0.977052 
Recall: 0.970643 
F MEASURE: 0.973837