Precision: 0.988679 
Recall: 0.979667 
F MEASURE: 0.984153