Precision: 0.238657 
Recall: 0.461842 
F MEASURE: 0.314696