Precision: 0.238852 
Recall: 0.462292 
F MEASURE: 0.314969